00000000
11111111
22222222
33333333
44444444
55555555
66666666
77777777
88888888
99999999
01234567
12345678
23456789
01010101
10101010
12341234
23452345
34563456
45674567
56785678
67896789
78907890
01230123
10000000
20000000
30000000
40000000
50000000
60000000
70000000
80000000
90000000
11000000
12000000
13000000
14000000
13131313
12121212
14141414
15151515
16161616
17171717
18181818
19191919
20202020
30303030
40404040
12345677
85240073
53053111
75536461
75675064
92263614
88227138
14669515
69133871
58811032
08008673
90217046
52847426
70626447
28585499
64702002
51753835
16375315
21886308
79735492
81087758
77737435
89066862
71422619
01612607
82115952
68023985
87810201
20144837
75021184
18339060
02083026
84619724
69916897
86470183
59671449
31355727
01671264
58817264
91653614
23413434
24443756
00180816
95425639
59907858
56548869
78530451
88521167
48093954
61409437
50674109
90006744
31737878
32636665
84480665
17316063
41785879
22152382
50524947
82627849
68061864
89190537
17020396
74965100
42354185
32794030
57928558
87298930
13746826
41660256
79560726
49452196
18402547
53884802
18737858
89307490
57605294
74542686
42436268
80645634
01236100
97176828
77888992
39566711
88386240
95932441
43494265
30607483
88641461
46501885
39416336
82328924
09400709
66512183
13118881
30158159
02278618
81351335
34417278
80986991
67578056
36533418
60550277
54128972
28357760
77040338
03632623
32470352
41822149
04789688
08346229
41829913
50276398
52876322
32661811
70269935
87711489
08785513
64595500
31376181
86136474
65502204
50639295
33293729
19357560
27768267
70243153
71391800
86478031
94645844
36900239
43663403
80965578
40892085
25424121
64133042
78118135
25422217
98857861
26060390
31234466
61362535
26062638
79758633
01951915
18776607
66541571
35551688
88482380
61997677
58898030
75853357
23661046
17479763
65352055
39413642
42795845
20033123
23162023
37021795
14828863
82007702
20001361
65634647
36255357
45407611
16075563
80166716
47135980
96033182
43280659
98295836
28060004
63720704
61596840
04950621
61601734
65406706
31046717
32708152
17710449
78198083
19842730
35334987
93099493
24086338
12512337
40185063
61224864
95868445
40953397
61544227
92159428
18140476
25018567
69538925
23581860
81600706
95303441
76366804
25415616
80375555
37748312
65508544
56285897
81770037
64851008
65630494
04563510
93764809
68139568
90411504
87069530
10408605
99000861
57900458
67196676
82574533
60667942
86492974
23419743
02081071
45462254
97264415
91053025
40950864
86323790
67549647
29558995
20771107
02659433
78257345
92238821
23478711
90061404
06862935
59922521
76089087
00486711
72412007
69831562
11954797
79656152
74754433
65118954
27782241
23298965
43779731
39813520
61198980
34879012
48971280
22034837
89329440
12564515
94394269
81441084
35764237
18275125
74275276
94545774
21201723
39062305
53203223
50604646
44685691
36697395
07943358
44196405
35808256
36031263
62770600
07257544
16925568
60814376
03033062
77326158
22526061
87630714
75531519
56529935
78071029
48359932
31905507
31487113
81781349
67462136
10198061
86704068
28719157
54294933
40041287
08666980
75493606
21486340
99501288
02402744
06004440
78027234
76462305
38746278
53824665
18249759
37346601
47232652
38109365
17072370
83885152
32525797
81142202
05181402
21664106
35086111
87720126
30849897
74938929
87267019
05344443
48943050
71899053
38945015
40393819
51264495
26310570
80937422
52134311
32267774
06351110
37997378
67681346
74264209
74298473
87242446
59910380
48883321
18815133
13409703
14142575
83905813
05689000
72149924
23318333
83782867
53862731
05967000
80539468
74477118
97755927
10864083
19419524
45383672
47667625
00829184
64620767
18815333
50991965
70531678
26059311
29979619
61043221
66948193
30177265
96568704
83564906
76515363
48621838
83123700
11549683
14822994
73451990
66883923
71971519
40963619
19260560
18375044
14682164
30790308
30698348
54077119
71701877
97274217
37809898
74255790
12562251
49912554
55715214
15846310
64473652
45718669
02811739
75230737
16208039
99062181
18999229
04519447
51747617
94669192
93450565
89479267
66625197
72502243
62554105
81376478
85775133
99835907
62301465
11279290
68775167
72390116
21017911
44759285
42637159
63268288
75366759
59415959
45337118
51544695
78256991
69104647
63191531
49507468
16772067
49191870
67124020
03303275
52846087
97194283
00914055
64532630
26535581
82340147
84411171
24159302
91561437
04209075
54314964
30090270
30831271
51221913
26596302
63828043
49072821
44502302
14811064
54568956
15781420
97557644
16833209
52368293
64819838
73408300
32649353
82520106
17876597
67168597
98998170
12436762
69793585
21593542
46428417
79587716
72956538
81912882
73124227
59147238
37951902
04972254
48934508
92623384
62721063
97610970
74823688
32304681
49212021
54310591
16216169
13284593
25662318
66407010
93214130
43859949
22866852
00450769
89357839
08455895
00963699
60969192
13707741
92803100
64471249
19862848
96992795
25098580
75517683
01161271
62587563
53823711
95537839
08832102
33795985
73878550
57883423
28460840
94453301
00550672
80614617
58476845
03430429
16307326
81351827
91972995
11759688
26543021
16917528
11509567
67742199
09521754
71133709
40499160
41197535
93629942
13604708
49846693
34526932
09024991
14122133
03580656
20281149
93791136
40820403
40302658
65688892
04416820
14313406
49619046
76018960
38241265
96698323
36694106
20071489
98560721
79256499
80372547
50905519
18326036
54402794
20497543
22418350
51506430
95853487
99116594
08030177
95902241
20660803
70403795
33533487
08028053
60923014
40896426
78488650
17051977
18620095
04054392
35979205
83450848
51990080
81767791
49990858
88861254
02121586
25701554
87758715
68649733
81651373
40795827
03965874
39037524
85517000
05914708
96248175
25559827
91502992
53787471
02918140
43667791
91984337
70702292
02833370
64138032
29279230
15311274
77664526
54620473
07001475
95599739
32953115
38368138
52586456
89390099
99121816
85069474
69482989
69972370
89542149
69776068
06373969
93045607
99291801
57205766
50326298
76069877
33732331
18616077
44282138
08568683
77616556
27199311
34902547
14842083
86642415
06018137
16944265
35041731
50813960
74597792
57707043
63142246
88085327
59178028
14642993
05987557
34077757
22855799
04643158
69981700
13762230
80408219
05009637
04137251
30038539
74269651
81928184
07338386
04257879
21572639
00684776
60520692
23460014
75715689
32480343
94529049
29701744
88203947
77655940
70134587
43988430
85580612
48926387
88428846
96166389
67044946
30132044
05951069
82948381
72097425
88027102
31568968
05853518
07783595
25796286
91683622
72633851
00623706
39853082
56548225
93194485
64327691
90837247
79142493
94372544
97176799
11433745
76158978
88373651
51834126
63059136
54012604
12493863
13155325
16321481
17716659
77601251
40780407
42451617
17101182
36190153
32330967
61757320
50961259
81025944
32053174
61682963
85295880
32888306
10045925
79278612
29293639
23738536
32833089
10457151
52294740
83975866
59211704
55206522
19899453
11968369
47352294
71066854
56913141
59348067
98849284
09512990
11606812
77216145
74938933
18639437
81798782
52065223
83986276
63306998
35189308
32782514
14769961
49805760
08845273
35601916
85288650
00408726
12300130
10545921
65472193
91797069
81035238
22745765
23599848
88242434
68801944
76557678
27724089
72724273
43607396
26089317
41790178
19285978
41608097
70170329
49188049
27052897
05729034
62864874
52415205
16484392
34665536
89862353
44761166
95752756
06515712
34635183
89399106
47877016
49057255
28068664
91916082
20520622
40649804
26735950
71306819
25453051
37841124
10691144
49617076
43018770
18384507
50156304
07383915
23873647
66174513
91418808
54512951
08247214
16836484
48732200
38866748
73313911
53580013
93627916
88057548
08370627
89431656
20908710
22486411
49954860
80857628
12314065
51695636
46321236
97302091
31130525
83267216
63007309
94715017
59747979
42162668
27611955
85100948
41988288
44615981
02694191
96298843
07952629
61719220
86029748
86294384
17470612
83835341
05839526
10795054
33524373
52073929
19577859
56636752
86645847
59082033
83379722
21636038
97744775
56592945
25580134
10615668
87524983
37446160
48299452
39525762
28503779
20571256
07180791
33421462
37697448
86563168
17018563
01148163
86533820
50898019
91213067
07583862
06260978
46582251
70126340
93714716
80493647
51717742
70107459
00768699
33732460
77588409
46766101
13200194
48835506
20576398
50377843
09456082
70451667
43260488
04802844
27902592
19795638
45277953
94784303
60739125
09976761
79963628
99654366
77350031
01805582
05753049
22650887
38395551
67244147
18540369
75203469
89443469
72499771
33070326
03715275
82766599
66108470
33677157
01081295
17597156
13527882
37369648
72418162
95833242
15204172
46453328
32170009
08198048
18064909
64645679
86480430
87949616
86602829
61222882
50413319
56911916
92599487
09511821
90938176
94059145
64446815
75601620
69836102
17150918
20725556
18809559
89111314
79398299
38078156
48821530
50415570
01726412
38869844
23030535
09769251
23735536
34116058
00661699
45931650
65670488
66714161
01083755
09359404
18131735
44839326
62558746
22036324
89228933
19906925
33279007
06837087
13545076
11332752
30107169
88428016
49912331
19333680
64780091
29759965
90497732
35023247
62866120
62839626
52562445
74073703
95599100
06383828
68046060
97377911
78537245
73453730
16742317
52405417
73490989
06331457
12891573
74088281
65156176
87715363
78652173
56563600
40535297
40339512
96484005
72608007
56438182
50005849
94363306
73814342
53016314
75213408
98265430
24231553
43903359
99873193
72601797
20788281
98139899
00197575
75538626
53664938
99219867